Printing Binomial Heap...
Binomial Tree, B0
Level 0 : 199
Find-Min returned 199
Printing Binomial Heap...
Binomial Tree, B1
Level 0 : 199
Level 1: 651 
Extract-Min returned 199
Find-Min returned 651
Printing Binomial Heap...
Binomial Tree, B1
Level 0 : 651
Level 1: 963 
Binomial Tree, B4
Level 0 : 40
Level 1: 154 168 659 86 
Level 2 : 190 368 830 441 918 962 
Level 3 : 607 558 814 896 
Level 4 : 653 
Printing Binomial Heap...
Binomial Tree, B0
Level 0 : 712
Binomial Tree, B1
Level 0 : 651
Level 1: 963 
Binomial Tree, B4
Level 0 : 40
Level 1: 154 168 659 86 
Level 2 : 190 368 830 441 918 962 
Level 3 : 607 558 814 896 
Level 4 : 653 
Printing Binomial Heap...
Binomial Tree, B2
Level 0 : 449
Level 1: 651 712 
Level 2 : 963 
Binomial Tree, B4
Level 0 : 40
Level 1: 154 168 659 86 
Level 2 : 190 368 830 441 918 962 
Level 3 : 607 558 814 896 
Level 4 : 653 
Find-Min returned 40
Extract-Min returned 40
Printing Binomial Heap...
Binomial Tree, B0
Level 0 : 86
Binomial Tree, B2
Level 0 : 405
Level 1: 659 505 
Level 2 : 962 
Binomial Tree, B6
Level 0 : 13
Level 1: 28 41 213 80 72 750 
Level 2 : 154 59 98 164 525 70 60 582 513 655 589 615 439 160 513 
Level 3 : 168 190 368 830 96 266 917 524 630 797 241 308 119 453 518 693 875 977 724 699 
Level 4 : 449 441 918 607 558 814 586 582 759 714 278 687 960 703 922 
Level 5 : 651 712 896 653 861 885 
Level 6 : 963 
Extract-Min returned 13
Printing Binomial Heap...
Binomial Tree, B0
Level 0 : 276
Binomial Tree, B1
Level 0 : 3
Level 1: 449 
Binomial Tree, B5
Level 0 : 57
Level 1: 72 58 422 504 630 
Level 2 : 227 355 116 466 232 790 255 516 680 528 
Level 3 : 253 798 268 514 718 860 657 660 902 953 
Level 4 : 614 289 914 839 998 
Level 5 : 869 
Binomial Tree, B6
Level 0 : 28
Level 1: 41 154 59 98 164 525 
Level 2 : 72 70 60 582 513 168 190 368 830 96 266 917 524 630 797 
Level 3 : 213 80 86 513 241 308 119 453 518 693 449 441 918 607 558 814 586 582 759 714 
Level 4 : 655 589 615 439 160 750 278 687 960 703 651 712 896 653 861 
Level 5 : 875 977 724 699 885 963 
Level 6 : 922 
Printing Binomial Heap...
Binomial Tree, B2
Level 0 : 3
Level 1: 253 449 
Level 2 : 276 
Binomial Tree, B5
Level 0 : 57
Level 1: 72 58 422 504 630 
Level 2 : 227 355 116 466 232 790 255 516 680 528 
Level 3 : 253 798 268 514 718 860 657 660 902 953 
Level 4 : 614 289 914 839 998 
Level 5 : 869 
Binomial Tree, B6
Level 0 : 28
Level 1: 41 154 59 98 164 525 
Level 2 : 72 70 60 582 513 168 190 368 830 96 266 917 524 630 797 
Level 3 : 213 80 86 513 241 308 119 453 518 693 449 441 918 607 558 814 586 582 759 714 
Level 4 : 655 589 615 439 160 750 278 687 960 703 651 712 896 653 861 
Level 5 : 875 977 724 699 885 963 
Level 6 : 922 
Extract-Min returned 3
Printing Binomial Heap...
Binomial Tree, B0
Level 0 : 449
Binomial Tree, B2
Level 0 : 250
Level 1: 253 836 
Level 2 : 276 
Binomial Tree, B7
Level 0 : 10
Level 1: 28 57 39 67 98 165 455 
Level 2 : 41 154 59 98 164 525 72 58 422 504 630 90 250 103 68 163 132 826 98 797 556 
Level 3 : 72 70 60 582 513 168 190 368 830 96 266 917 524 630 797 227 355 116 466 232 790 255 516 680 528 431 239 554 266 670 957 678 947 879 628 
Level 4 : 213 80 86 513 241 308 119 453 518 693 449 441 918 607 558 814 586 582 759 714 253 798 268 514 718 860 657 660 902 953 520 478 699 909 921 
Level 5 : 655 589 615 439 160 750 278 687 960 703 651 712 896 653 861 614 289 914 839 998 623 
Level 6 : 875 977 724 699 885 963 869 
Level 7 : 922 
Extract-Min returned 10
Printing Binomial Heap...
Binomial Tree, B0
Level 0 : 310
Binomial Tree, B2
Level 0 : 165
Level 1: 449 556 
Level 2 : 455 
Binomial Tree, B7
Level 0 : 28
Level 1: 39 41 154 59 98 164 525 
Level 2 : 57 67 90 250 103 68 72 70 60 582 513 168 190 368 830 96 266 917 524 630 797 
Level 3 : 72 58 422 504 630 98 163 132 826 431 239 554 266 670 957 213 80 86 513 241 308 119 453 518 693 449 441 918 607 558 814 586 582 759 714 
Level 4 : 227 355 116 466 232 790 255 516 680 528 250 98 797 678 947 879 520 478 699 909 655 589 615 439 160 750 278 687 960 703 651 712 896 653 861 
Level 5 : 253 798 268 514 718 860 657 660 902 953 253 836 628 921 623 875 977 724 699 885 963 
Level 6 : 614 289 914 839 998 276 922 
Level 7 : 869 
Printing Binomial Heap...
Binomial Tree, B0
Level 0 : 310
Binomial Tree, B1
Level 0 : 29
Level 1: 294 
Binomial Tree, B2
Level 0 : 165
Level 1: 449 556 
Level 2 : 455 
Binomial Tree, B7
Level 0 : 28
Level 1: 39 41 154 59 98 164 525 
Level 2 : 57 67 90 250 103 68 72 70 60 582 513 168 190 368 830 96 266 917 524 630 797 
Level 3 : 72 58 422 504 630 98 163 132 826 431 239 554 266 670 957 213 80 86 513 241 308 119 453 518 693 449 441 918 607 558 814 586 582 759 714 
Level 4 : 227 355 116 466 232 790 255 516 680 528 250 98 797 678 947 879 520 478 699 909 655 589 615 439 160 750 278 687 960 703 651 712 896 653 861 
Level 5 : 253 798 268 514 718 860 657 660 902 953 253 836 628 921 623 875 977 724 699 885 963 
Level 6 : 614 289 914 839 998 276 922 
Level 7 : 869 
Printing Binomial Heap...
Binomial Tree, B3
Level 0 : 29
Level 1: 165 104 294 
Level 2 : 449 556 310 
Level 3 : 455 
Binomial Tree, B7
Level 0 : 28
Level 1: 39 41 154 59 98 164 525 
Level 2 : 57 67 90 250 103 68 72 70 60 582 513 168 190 368 830 96 266 917 524 630 797 
Level 3 : 72 58 422 504 630 98 163 132 826 431 239 554 266 670 957 213 80 86 513 241 308 119 453 518 693 449 441 918 607 558 814 586 582 759 714 
Level 4 : 227 355 116 466 232 790 255 516 680 528 250 98 797 678 947 879 520 478 699 909 655 589 615 439 160 750 278 687 960 703 651 712 896 653 861 
Level 5 : 253 798 268 514 718 860 657 660 902 953 253 836 628 921 623 875 977 724 699 885 963 
Level 6 : 614 289 914 839 998 276 922 
Level 7 : 869 
Printing Binomial Heap...
Binomial Tree, B1
Level 0 : 122
Level 1: 144 
Binomial Tree, B2
Level 0 : 542
Level 1: 565 556 
Level 2 : 757 
Binomial Tree, B3
Level 0 : 29
Level 1: 165 104 294 
Level 2 : 449 556 310 
Level 3 : 455 
Binomial Tree, B7
Level 0 : 28
Level 1: 39 41 154 59 98 164 525 
Level 2 : 57 67 90 250 103 68 72 70 60 582 513 168 190 368 830 96 266 917 524 630 797 
Level 3 : 72 58 422 504 630 98 163 132 826 431 239 554 266 670 957 213 80 86 513 241 308 119 453 518 693 449 441 918 607 558 814 586 582 759 714 
Level 4 : 227 355 116 466 232 790 255 516 680 528 250 98 797 678 947 879 520 478 699 909 655 589 615 439 160 750 278 687 960 703 651 712 896 653 861 
Level 5 : 253 798 268 514 718 860 657 660 902 953 253 836 628 921 623 875 977 724 699 885 963 
Level 6 : 614 289 914 839 998 276 922 
Level 7 : 869 
Printing Binomial Heap...
Binomial Tree, B0
Level 0 : 709
Binomial Tree, B1
Level 0 : 122
Level 1: 144 
Binomial Tree, B2
Level 0 : 542
Level 1: 565 556 
Level 2 : 757 
Binomial Tree, B3
Level 0 : 29
Level 1: 165 104 294 
Level 2 : 449 556 310 
Level 3 : 455 
Binomial Tree, B7
Level 0 : 28
Level 1: 39 41 154 59 98 164 525 
Level 2 : 57 67 90 250 103 68 72 70 60 582 513 168 190 368 830 96 266 917 524 630 797 
Level 3 : 72 58 422 504 630 98 163 132 826 431 239 554 266 670 957 213 80 86 513 241 308 119 453 518 693 449 441 918 607 558 814 586 582 759 714 
Level 4 : 227 355 116 466 232 790 255 516 680 528 250 98 797 678 947 879 520 478 699 909 655 589 615 439 160 750 278 687 960 703 651 712 896 653 861 
Level 5 : 253 798 268 514 718 860 657 660 902 953 253 836 628 921 623 875 977 724 699 885 963 
Level 6 : 614 289 914 839 998 276 922 
Level 7 : 869 
Extract-Min returned 28
Find-Min returned 29
Printing Binomial Heap...
Binomial Tree, B0
Level 0 : 690
Binomial Tree, B1
Level 0 : 525
Level 1: 709 
Binomial Tree, B2
Level 0 : 122
Level 1: 164 144 
Level 2 : 797 
Binomial Tree, B3
Level 0 : 98
Level 1: 542 524 630 
Level 2 : 565 556 714 
Level 3 : 757 
Binomial Tree, B5
Level 0 : 12
Level 1: 39 59 254 236 776 
Level 2 : 50 582 460 310 607 435 491 752 789 446 
Level 3 : 142 116 995 682 750 648 688 764 963 943 
Level 4 : 517 612 543 920 940 
Level 5 : 649 
Binomial Tree, B7
Level 0 : 29
Level 1: 39 41 154 59 165 104 294 
Level 2 : 57 67 90 250 103 68 72 70 60 582 513 168 190 368 830 96 266 917 449 556 310 
Level 3 : 72 58 422 504 630 98 163 132 826 431 239 554 266 670 957 213 80 86 513 241 308 119 453 518 693 449 441 918 607 558 814 586 582 759 455 
Level 4 : 227 355 116 466 232 790 255 516 680 528 250 98 797 678 947 879 520 478 699 909 655 589 615 439 160 750 278 687 960 703 651 712 896 653 861 
Level 5 : 253 798 268 514 718 860 657 660 902 953 253 836 628 921 623 875 977 724 699 885 963 
Level 6 : 614 289 914 839 998 276 922 
Level 7 : 869 
Find-Min returned 12
Printing Binomial Heap...
Binomial Tree, B0
Level 0 : 690
Binomial Tree, B1
Level 0 : 525
Level 1: 709 
Binomial Tree, B2
Level 0 : 122
Level 1: 164 144 
Level 2 : 797 
Binomial Tree, B3
Level 0 : 98
Level 1: 542 524 630 
Level 2 : 565 556 714 
Level 3 : 757 
Binomial Tree, B6
Level 0 : 9
Level 1: 12 125 124 567 337 517 
Level 2 : 39 59 254 236 776 331 154 569 331 486 566 234 736 728 444 
Level 3 : 50 582 460 310 607 435 491 752 789 446 700 485 471 649 245 714 621 839 732 759 
Level 4 : 142 116 995 682 750 648 688 764 963 943 705 986 765 768 733 
Level 5 : 517 612 543 920 940 853 
Level 6 : 649 
Binomial Tree, B7
Level 0 : 29
Level 1: 39 41 154 59 165 104 294 
Level 2 : 57 67 90 250 103 68 72 70 60 582 513 168 190 368 830 96 266 917 449 556 310 
Level 3 : 72 58 422 504 630 98 163 132 826 431 239 554 266 670 957 213 80 86 513 241 308 119 453 518 693 449 441 918 607 558 814 586 582 759 455 
Level 4 : 227 355 116 466 232 790 255 516 680 528 250 98 797 678 947 879 520 478 699 909 655 589 615 439 160 750 278 687 960 703 651 712 896 653 861 
Level 5 : 253 798 268 514 718 860 657 660 902 953 253 836 628 921 623 875 977 724 699 885 963 
Level 6 : 614 289 914 839 998 276 922 
Level 7 : 869 
Printing Binomial Heap...
Binomial Tree, B1
Level 0 : 494
Level 1: 690 
Binomial Tree, B2
Level 0 : 368
Level 1: 525 533 
Level 2 : 709 
Binomial Tree, B3
Level 0 : 79
Level 1: 122 260 641 
Level 2 : 164 144 482 
Level 3 : 797 
Binomial Tree, B5
Level 0 : 16
Level 1: 32 98 226 528 700 
Level 2 : 58 64 75 549 542 524 630 245 853 554 
Level 3 : 168 814 308 623 630 341 565 556 714 422 
Level 4 : 587 256 952 796 757 
Level 5 : 797 
Binomial Tree, B6
Level 0 : 9
Level 1: 12 125 124 567 337 517 
Level 2 : 39 59 254 236 776 331 154 569 331 486 566 234 736 728 444 
Level 3 : 50 582 460 310 607 435 491 752 789 446 700 485 471 649 245 714 621 839 732 759 
Level 4 : 142 116 995 682 750 648 688 764 963 943 705 986 765 768 733 
Level 5 : 517 612 543 920 940 853 
Level 6 : 649 
Binomial Tree, B7
Level 0 : 29
Level 1: 39 41 154 59 165 104 294 
Level 2 : 57 67 90 250 103 68 72 70 60 582 513 168 190 368 830 96 266 917 449 556 310 
Level 3 : 72 58 422 504 630 98 163 132 826 431 239 554 266 670 957 213 80 86 513 241 308 119 453 518 693 449 441 918 607 558 814 586 582 759 455 
Level 4 : 227 355 116 466 232 790 255 516 680 528 250 98 797 678 947 879 520 478 699 909 655 589 615 439 160 750 278 687 960 703 651 712 896 653 861 
Level 5 : 253 798 268 514 718 860 657 660 902 953 253 836 628 921 623 875 977 724 699 885 963 
Level 6 : 614 289 914 839 998 276 922 
Level 7 : 869 
Extract-Min returned 9
Printing Binomial Heap...
Binomial Tree, B0
Level 0 : 517
Binomial Tree, B3
Level 0 : 337
Level 1: 374 494 444 
Level 2 : 887 876 690 
Level 3 : 969 
Binomial Tree, B4
Level 0 : 151
Level 1: 368 330 442 868 
Level 2 : 567 525 533 364 572 744 
Level 3 : 736 728 709 629 
Level 4 : 759 
Binomial Tree, B5
Level 0 : 79
Level 1: 125 124 122 260 641 
Level 2 : 331 154 569 331 486 566 234 164 144 482 
Level 3 : 700 485 471 649 245 714 621 839 732 797 
Level 4 : 705 986 765 768 733 
Level 5 : 853 
Binomial Tree, B6
Level 0 : 12
Level 1: 16 39 59 254 236 776 
Level 2 : 32 98 226 528 700 50 582 460 310 607 435 491 752 789 446 
Level 3 : 58 64 75 549 542 524 630 245 853 554 142 116 995 682 750 648 688 764 963 943 
Level 4 : 168 814 308 623 630 341 565 556 714 422 517 612 543 920 940 
Level 5 : 587 256 952 796 757 649 
Level 6 : 797 
Binomial Tree, B7
Level 0 : 29
Level 1: 39 41 154 59 165 104 294 
Level 2 : 57 67 90 250 103 68 72 70 60 582 513 168 190 368 830 96 266 917 449 556 310 
Level 3 : 72 58 422 504 630 98 163 132 826 431 239 554 266 670 957 213 80 86 513 241 308 119 453 518 693 449 441 918 607 558 814 586 582 759 455 
Level 4 : 227 355 116 466 232 790 255 516 680 528 250 98 797 678 947 879 520 478 699 909 655 589 615 439 160 750 278 687 960 703 651 712 896 653 861 
Level 5 : 253 798 268 514 718 860 657 660 902 953 253 836 628 921 623 875 977 724 699 885 963 
Level 6 : 614 289 914 839 998 276 922 
Level 7 : 869 
Extract-Min returned 12
Printing Binomial Heap...
Binomial Tree, B0
Level 0 : 59
Binomial Tree, B3
Level 0 : 236
Level 1: 254 517 446 
Level 2 : 752 789 776 
Level 3 : 943 
Binomial Tree, B4
Level 0 : 59
Level 1: 337 607 435 491 
Level 2 : 374 494 444 688 764 963 
Level 3 : 887 876 690 940 
Level 4 : 969 
Binomial Tree, B8
Level 0 : 10
Level 1: 29 16 39 54 98 126 483 597 
Level 2 : 39 41 154 59 165 104 294 79 32 98 226 528 700 151 50 582 460 310 149 317 319 340 327 159 154 146 981 994 
Level 3 : 57 67 90 250 103 68 72 70 60 582 513 168 190 368 830 96 266 917 449 556 310 125 124 122 260 641 58 64 75 549 542 524 630 245 853 554 368 330 442 868 142 116 995 682 750 648 534 281 743 404 845 784 843 670 669 603 
Level 4 : 72 58 422 504 630 98 163 132 826 431 239 554 266 670 957 213 80 86 513 241 308 119 453 518 693 449 441 918 607 558 814 586 582 759 455 331 154 569 331 486 566 234 164 144 482 168 814 308 623 630 341 565 556 714 422 567 525 533 364 572 744 517 612 543 920 566 676 705 812 863 
Level 5 : 227 355 116 466 232 790 255 516 680 528 250 98 797 678 947 879 520 478 699 909 655 589 615 439 160 750 278 687 960 703 651 712 896 653 861 700 485 471 649 245 714 621 839 732 797 587 256 952 796 757 736 728 709 629 649 835 
Level 6 : 253 798 268 514 718 860 657 660 902 953 253 836 628 921 623 875 977 724 699 885 963 705 986 765 768 733 797 759 
Level 7 : 614 289 914 839 998 276 922 853 
Level 8 : 869 
Printing Binomial Heap...
Binomial Tree, B1
Level 0 : 59
Level 1: 247 
Binomial Tree, B3
Level 0 : 236
Level 1: 254 517 446 
Level 2 : 752 789 776 
Level 3 : 943 
Binomial Tree, B4
Level 0 : 59
Level 1: 337 607 435 491 
Level 2 : 374 494 444 688 764 963 
Level 3 : 887 876 690 940 
Level 4 : 969 
Binomial Tree, B8
Level 0 : 10
Level 1: 29 16 39 54 98 126 483 597 
Level 2 : 39 41 154 59 165 104 294 79 32 98 226 528 700 151 50 582 460 310 149 317 319 340 327 159 154 146 981 994 
Level 3 : 57 67 90 250 103 68 72 70 60 582 513 168 190 368 830 96 266 917 449 556 310 125 124 122 260 641 58 64 75 549 542 524 630 245 853 554 368 330 442 868 142 116 995 682 750 648 534 281 743 404 845 784 843 670 669 603 
Level 4 : 72 58 422 504 630 98 163 132 826 431 239 554 266 670 957 213 80 86 513 241 308 119 453 518 693 449 441 918 607 558 814 586 582 759 455 331 154 569 331 486 566 234 164 144 482 168 814 308 623 630 341 565 556 714 422 567 525 533 364 572 744 517 612 543 920 566 676 705 812 863 
Level 5 : 227 355 116 466 232 790 255 516 680 528 250 98 797 678 947 879 520 478 699 909 655 589 615 439 160 750 278 687 960 703 651 712 896 653 861 700 485 471 649 245 714 621 839 732 797 587 256 952 796 757 736 728 709 629 649 835 
Level 6 : 253 798 268 514 718 860 657 660 902 953 253 836 628 921 623 875 977 724 699 885 963 705 986 765 768 733 797 759 
Level 7 : 614 289 914 839 998 276 922 853 
Level 8 : 869 
Find-Min returned 10
Find-Min returned 10
Printing Binomial Heap...
Binomial Tree, B0
Level 0 : 45
Binomial Tree, B2
Level 0 : 59
Level 1: 79 247 
Level 2 : 273 
Binomial Tree, B4
Level 0 : 236
Level 1: 361 254 517 446 
Level 2 : 409 584 506 752 789 776 
Level 3 : 801 982 878 943 
Level 4 : 819 
Binomial Tree, B5
Level 0 : 4
Level 1: 59 375 200 69 681 
Level 2 : 337 607 435 491 507 489 557 307 282 712 
Level 3 : 374 494 444 688 764 963 794 725 655 450 
Level 4 : 887 876 690 940 867 
Level 5 : 969 
Binomial Tree, B8
Level 0 : 10
Level 1: 29 16 39 54 98 126 483 597 
Level 2 : 39 41 154 59 165 104 294 79 32 98 226 528 700 151 50 582 460 310 149 317 319 340 327 159 154 146 981 994 
Level 3 : 57 67 90 250 103 68 72 70 60 582 513 168 190 368 830 96 266 917 449 556 310 125 124 122 260 641 58 64 75 549 542 524 630 245 853 554 368 330 442 868 142 116 995 682 750 648 534 281 743 404 845 784 843 670 669 603 
Level 4 : 72 58 422 504 630 98 163 132 826 431 239 554 266 670 957 213 80 86 513 241 308 119 453 518 693 449 441 918 607 558 814 586 582 759 455 331 154 569 331 486 566 234 164 144 482 168 814 308 623 630 341 565 556 714 422 567 525 533 364 572 744 517 612 543 920 566 676 705 812 863 
Level 5 : 227 355 116 466 232 790 255 516 680 528 250 98 797 678 947 879 520 478 699 909 655 589 615 439 160 750 278 687 960 703 651 712 896 653 861 700 485 471 649 245 714 621 839 732 797 587 256 952 796 757 736 728 709 629 649 835 
Level 6 : 253 798 268 514 718 860 657 660 902 953 253 836 628 921 623 875 977 724 699 885 963 705 986 765 768 733 797 759 
Level 7 : 614 289 914 839 998 276 922 853 
Level 8 : 869 
Extract-Min returned 4
Printing Binomial Heap...
Binomial Tree, B0
Level 0 : 56
Binomial Tree, B5
Level 0 : 45
Level 1: 59 375 200 69 681 
Level 2 : 337 607 435 491 507 489 557 307 282 712 
Level 3 : 374 494 444 688 764 963 794 725 655 450 
Level 4 : 887 876 690 940 867 
Level 5 : 969 
Binomial Tree, B8
Level 0 : 10
Level 1: 29 16 39 54 98 126 483 597 
Level 2 : 39 41 154 59 165 104 294 79 32 98 226 528 700 151 50 582 460 310 149 317 319 340 327 159 154 146 981 994 
Level 3 : 57 67 90 250 103 68 72 70 60 582 513 168 190 368 830 96 266 917 449 556 310 125 124 122 260 641 58 64 75 549 542 524 630 245 853 554 368 330 442 868 142 116 995 682 750 648 534 281 743 404 845 784 843 670 669 603 
Level 4 : 72 58 422 504 630 98 163 132 826 431 239 554 266 670 957 213 80 86 513 241 308 119 453 518 693 449 441 918 607 558 814 586 582 759 455 331 154 569 331 486 566 234 164 144 482 168 814 308 623 630 341 565 556 714 422 567 525 533 364 572 744 517 612 543 920 566 676 705 812 863 
Level 5 : 227 355 116 466 232 790 255 516 680 528 250 98 797 678 947 879 520 478 699 909 655 589 615 439 160 750 278 687 960 703 651 712 896 653 861 700 485 471 649 245 714 621 839 732 797 587 256 952 796 757 736 728 709 629 649 835 
Level 6 : 253 798 268 514 718 860 657 660 902 953 253 836 628 921 623 875 977 724 699 885 963 705 986 765 768 733 797 759 
Level 7 : 614 289 914 839 998 276 922 853 
Level 8 : 869 
Printing Binomial Heap...
Binomial Tree, B1
Level 0 : 56
Level 1: 273 
Binomial Tree, B5
Level 0 : 45
Level 1: 59 375 200 69 681 
Level 2 : 337 607 435 491 507 489 557 307 282 712 
Level 3 : 374 494 444 688 764 963 794 725 655 450 
Level 4 : 887 876 690 940 867 
Level 5 : 969 
Binomial Tree, B8
Level 0 : 10
Level 1: 29 16 39 54 98 126 483 597 
Level 2 : 39 41 154 59 165 104 294 79 32 98 226 528 700 151 50 582 460 310 149 317 319 340 327 159 154 146 981 994 
Level 3 : 57 67 90 250 103 68 72 70 60 582 513 168 190 368 830 96 266 917 449 556 310 125 124 122 260 641 58 64 75 549 542 524 630 245 853 554 368 330 442 868 142 116 995 682 750 648 534 281 743 404 845 784 843 670 669 603 
Level 4 : 72 58 422 504 630 98 163 132 826 431 239 554 266 670 957 213 80 86 513 241 308 119 453 518 693 449 441 918 607 558 814 586 582 759 455 331 154 569 331 486 566 234 164 144 482 168 814 308 623 630 341 565 556 714 422 567 525 533 364 572 744 517 612 543 920 566 676 705 812 863 
Level 5 : 227 355 116 466 232 790 255 516 680 528 250 98 797 678 947 879 520 478 699 909 655 589 615 439 160 750 278 687 960 703 651 712 896 653 861 700 485 471 649 245 714 621 839 732 797 587 256 952 796 757 736 728 709 629 649 835 
Level 6 : 253 798 268 514 718 860 657 660 902 953 253 836 628 921 623 875 977 724 699 885 963 705 986 765 768 733 797 759 
Level 7 : 614 289 914 839 998 276 922 853 
Level 8 : 869 
Printing Binomial Heap...
Binomial Tree, B4
Level 0 : 56
Level 1: 88 69 259 273 
Level 2 : 276 326 443 204 864 818 
Level 3 : 855 837 858 476 
Level 4 : 914 
Binomial Tree, B6
Level 0 : 4
Level 1: 45 131 31 22 23 234 
Level 2 : 59 375 200 69 681 596 224 918 206 202 207 263 24 362 992 
Level 3 : 337 607 435 491 507 489 557 307 282 712 679 789 684 275 271 989 794 854 487 277 
Level 4 : 374 494 444 688 764 963 794 725 655 450 902 987 798 791 799 
Level 5 : 887 876 690 940 867 942 
Level 6 : 969 
Binomial Tree, B8
Level 0 : 10
Level 1: 29 16 39 54 98 126 483 597 
Level 2 : 39 41 154 59 165 104 294 79 32 98 226 528 700 151 50 582 460 310 149 317 319 340 327 159 154 146 981 994 
Level 3 : 57 67 90 250 103 68 72 70 60 582 513 168 190 368 830 96 266 917 449 556 310 125 124 122 260 641 58 64 75 549 542 524 630 245 853 554 368 330 442 868 142 116 995 682 750 648 534 281 743 404 845 784 843 670 669 603 
Level 4 : 72 58 422 504 630 98 163 132 826 431 239 554 266 670 957 213 80 86 513 241 308 119 453 518 693 449 441 918 607 558 814 586 582 759 455 331 154 569 331 486 566 234 164 144 482 168 814 308 623 630 341 565 556 714 422 567 525 533 364 572 744 517 612 543 920 566 676 705 812 863 
Level 5 : 227 355 116 466 232 790 255 516 680 528 250 98 797 678 947 879 520 478 699 909 655 589 615 439 160 750 278 687 960 703 651 712 896 653 861 700 485 471 649 245 714 621 839 732 797 587 256 952 796 757 736 728 709 629 649 835 
Level 6 : 253 798 268 514 718 860 657 660 902 953 253 836 628 921 623 875 977 724 699 885 963 705 986 765 768 733 797 759 
Level 7 : 614 289 914 839 998 276 922 853 
Level 8 : 869 
Find-Min returned 4
Find-Min returned 4
Printing Binomial Heap...
Binomial Tree, B0
Level 0 : 331
Binomial Tree, B4
Level 0 : 56
Level 1: 88 69 259 273 
Level 2 : 276 326 443 204 864 818 
Level 3 : 855 837 858 476 
Level 4 : 914 
Binomial Tree, B6
Level 0 : 4
Level 1: 45 131 31 22 23 234 
Level 2 : 59 375 200 69 681 596 224 918 206 202 207 263 24 362 992 
Level 3 : 337 607 435 491 507 489 557 307 282 712 679 789 684 275 271 989 794 854 487 277 
Level 4 : 374 494 444 688 764 963 794 725 655 450 902 987 798 791 799 
Level 5 : 887 876 690 940 867 942 
Level 6 : 969 
Binomial Tree, B8
Level 0 : 10
Level 1: 29 16 39 54 98 126 483 597 
Level 2 : 39 41 154 59 165 104 294 79 32 98 226 528 700 151 50 582 460 310 149 317 319 340 327 159 154 146 981 994 
Level 3 : 57 67 90 250 103 68 72 70 60 582 513 168 190 368 830 96 266 917 449 556 310 125 124 122 260 641 58 64 75 549 542 524 630 245 853 554 368 330 442 868 142 116 995 682 750 648 534 281 743 404 845 784 843 670 669 603 
Level 4 : 72 58 422 504 630 98 163 132 826 431 239 554 266 670 957 213 80 86 513 241 308 119 453 518 693 449 441 918 607 558 814 586 582 759 455 331 154 569 331 486 566 234 164 144 482 168 814 308 623 630 341 565 556 714 422 567 525 533 364 572 744 517 612 543 920 566 676 705 812 863 
Level 5 : 227 355 116 466 232 790 255 516 680 528 250 98 797 678 947 879 520 478 699 909 655 589 615 439 160 750 278 687 960 703 651 712 896 653 861 700 485 471 649 245 714 621 839 732 797 587 256 952 796 757 736 728 709 629 649 835 
Level 6 : 253 798 268 514 718 860 657 660 902 953 253 836 628 921 623 875 977 724 699 885 963 705 986 765 768 733 797 759 
Level 7 : 614 289 914 839 998 276 922 853 
Level 8 : 869 
Extract-Min returned 4
Extract-Min returned 10
Printing Binomial Heap...
Binomial Tree, B4
Level 0 : 98
Level 1: 126 327 159 154 
Level 2 : 483 146 981 843 670 669 
Level 3 : 489 994 603 863 
Level 4 : 597 
Binomial Tree, B8
Level 0 : 16
Level 1: 29 22 79 32 98 226 528 700 
Level 2 : 39 41 154 59 165 104 294 39 54 31 23 24 362 125 124 122 260 641 58 64 75 549 542 524 630 245 853 554 
Level 3 : 57 67 90 250 103 68 72 70 60 582 513 168 190 368 830 96 266 917 449 556 310 151 50 582 460 310 149 317 319 340 202 207 263 234 992 277 331 154 569 331 486 566 234 164 144 482 168 814 308 623 630 341 565 556 714 422 
Level 4 : 72 58 422 504 630 98 163 132 826 431 239 554 266 670 957 213 80 86 513 241 308 119 453 518 693 449 441 918 607 558 814 586 582 759 455 368 330 442 868 142 116 995 682 750 648 534 281 743 404 845 784 794 854 487 331 700 485 471 649 245 714 621 839 732 797 587 256 952 796 757 
Level 5 : 227 355 116 466 232 790 255 516 680 528 250 98 797 678 947 879 520 478 699 909 655 589 615 439 160 750 278 687 960 703 651 712 896 653 861 567 525 533 364 572 744 517 612 543 920 566 676 705 812 799 705 986 765 768 733 797 
Level 6 : 253 798 268 514 718 860 657 660 902 953 253 836 628 921 623 875 977 724 699 885 963 736 728 709 629 649 835 853 
Level 7 : 614 289 914 839 998 276 922 759 
Level 8 : 869 
