Printing Binomial Heap...
Binomial Tree, B0
Level 0 : 295
Find-Min returned 295
Find-Min returned 295
Printing Binomial Heap...
Binomial Tree, B2
Level 0 : 169
Level 1: 218 295 
Level 2 : 504 
Printing Binomial Heap...
Binomial Tree, B1
Level 0 : 593
Level 1: 595 
Binomial Tree, B2
Level 0 : 169
Level 1: 218 295 
Level 2 : 504 
Binomial Tree, B5
Level 0 : 24
Level 1: 46 165 26 400 153 
Level 2 : 209 194 460 909 272 455 183 490 864 579 
Level 3 : 233 264 866 780 949 755 499 900 799 719 
Level 4 : 898 450 562 894 732 
Level 5 : 937 
Printing Binomial Heap...
Binomial Tree, B0
Level 0 : 448
Binomial Tree, B1
Level 0 : 593
Level 1: 595 
Binomial Tree, B2
Level 0 : 169
Level 1: 218 295 
Level 2 : 504 
Binomial Tree, B5
Level 0 : 24
Level 1: 46 165 26 400 153 
Level 2 : 209 194 460 909 272 455 183 490 864 579 
Level 3 : 233 264 866 780 949 755 499 900 799 719 
Level 4 : 898 450 562 894 732 
Level 5 : 937 
Printing Binomial Heap...
Binomial Tree, B4
Level 0 : 21
Level 1: 169 292 848 150 
Level 2 : 448 218 295 487 793 854 
Level 3 : 593 765 504 979 
Level 4 : 595 
Binomial Tree, B6
Level 0 : 24
Level 1: 97 46 165 26 400 153 
Level 2 : 167 126 342 322 975 209 194 460 909 272 455 183 490 864 579 
Level 3 : 216 405 758 825 280 725 617 487 390 715 233 264 866 780 949 755 499 900 799 719 
Level 4 : 221 401 883 542 439 785 514 336 893 601 898 450 562 894 732 
Level 5 : 537 377 830 567 874 937 
Level 6 : 550 
Find-Min returned 21
Find-Min returned 21
Printing Binomial Heap...
Binomial Tree, B0
Level 0 : 182
Binomial Tree, B4
Level 0 : 21
Level 1: 169 292 848 150 
Level 2 : 448 218 295 487 793 854 
Level 3 : 593 765 504 979 
Level 4 : 595 
Binomial Tree, B6
Level 0 : 24
Level 1: 97 46 165 26 400 153 
Level 2 : 167 126 342 322 975 209 194 460 909 272 455 183 490 864 579 
Level 3 : 216 405 758 825 280 725 617 487 390 715 233 264 866 780 949 755 499 900 799 719 
Level 4 : 221 401 883 542 439 785 514 336 893 601 898 450 562 894 732 
Level 5 : 537 377 830 567 874 937 
Level 6 : 550 
Printing Binomial Heap...
Binomial Tree, B1
Level 0 : 182
Level 1: 340 
Binomial Tree, B4
Level 0 : 21
Level 1: 169 292 848 150 
Level 2 : 448 218 295 487 793 854 
Level 3 : 593 765 504 979 
Level 4 : 595 
Binomial Tree, B6
Level 0 : 24
Level 1: 97 46 165 26 400 153 
Level 2 : 167 126 342 322 975 209 194 460 909 272 455 183 490 864 579 
Level 3 : 216 405 758 825 280 725 617 487 390 715 233 264 866 780 949 755 499 900 799 719 
Level 4 : 221 401 883 542 439 785 514 336 893 601 898 450 562 894 732 
Level 5 : 537 377 830 567 874 937 
Level 6 : 550 
Printing Binomial Heap...
Binomial Tree, B0
Level 0 : 150
Binomial Tree, B1
Level 0 : 182
Level 1: 340 
Binomial Tree, B7
Level 0 : 21
Level 1: 24 105 121 169 292 848 150 
Level 2 : 97 46 165 26 400 153 143 107 338 106 532 152 139 667 180 448 218 295 487 793 854 
Level 3 : 167 126 342 322 975 209 194 460 909 272 455 183 490 864 579 224 231 158 832 408 573 343 701 956 936 524 579 326 617 774 963 593 765 504 979 
Level 4 : 216 405 758 825 280 725 617 487 390 715 233 264 866 780 949 755 499 900 799 719 382 519 468 393 761 715 442 809 834 964 644 722 970 717 595 
Level 5 : 221 401 883 542 439 785 514 336 893 601 898 450 562 894 732 757 845 950 481 610 820 
Level 6 : 537 377 830 567 874 937 908 
Level 7 : 550 
Extract-Min returned 21
Extract-Min returned 24
Printing Binomial Heap...
Binomial Tree, B7
Level 0 : 26
Level 1: 105 97 46 165 153 490 864 
Level 2 : 121 143 107 338 106 532 167 126 342 322 975 209 194 460 909 272 455 183 400 415 719 
Level 3 : 150 152 139 667 180 224 231 158 832 408 573 343 701 956 936 216 405 758 825 280 725 617 487 390 715 233 264 866 780 949 755 499 900 799 579 
Level 4 : 169 292 848 150 524 579 326 617 774 963 382 519 468 393 761 715 442 809 834 964 221 401 883 542 439 785 514 336 893 601 898 450 562 894 732 
Level 5 : 448 218 295 487 793 854 644 722 970 717 757 845 950 481 610 537 377 830 567 874 937 
Level 6 : 593 765 504 979 820 908 550 
Level 7 : 595 
Printing Binomial Heap...
Binomial Tree, B0
Level 0 : 365
Binomial Tree, B3
Level 0 : 237
Level 1: 250 313 796 
Level 2 : 251 687 321 
Level 3 : 721 
Binomial Tree, B7
Level 0 : 26
Level 1: 105 97 46 165 153 490 864 
Level 2 : 121 143 107 338 106 532 167 126 342 322 975 209 194 460 909 272 455 183 400 415 719 
Level 3 : 150 152 139 667 180 224 231 158 832 408 573 343 701 956 936 216 405 758 825 280 725 617 487 390 715 233 264 866 780 949 755 499 900 799 579 
Level 4 : 169 292 848 150 524 579 326 617 774 963 382 519 468 393 761 715 442 809 834 964 221 401 883 542 439 785 514 336 893 601 898 450 562 894 732 
Level 5 : 448 218 295 487 793 854 644 722 970 717 757 845 950 481 610 537 377 830 567 874 937 
Level 6 : 593 765 504 979 820 908 550 
Level 7 : 595 
Find-Min returned 26
Extract-Min returned 26
Find-Min returned 46
Extract-Min returned 46
Extract-Min returned 97
Printing Binomial Heap...
Binomial Tree, B2
Level 0 : 111
Level 1: 909 235 
Level 2 : 975 
Binomial Tree, B5
Level 0 : 5
Level 1: 10 68 84 136 343 
Level 2 : 107 148 294 893 88 147 110 847 418 984 
Level 3 : 322 252 841 789 316 346 90 734 199 947 
Level 4 : 460 715 904 836 916 
Level 5 : 755 
Binomial Tree, B7
Level 0 : 105
Level 1: 126 121 143 107 338 106 532 
Level 2 : 153 167 194 280 725 617 150 152 139 667 180 224 231 158 832 408 573 343 701 956 936 
Level 3 : 165 209 365 400 415 216 405 758 825 342 780 949 514 336 893 169 292 848 150 524 579 326 617 774 963 382 519 468 393 761 715 442 809 834 964 
Level 4 : 237 272 455 183 233 264 866 490 864 579 221 401 883 542 439 785 487 390 894 874 448 218 295 487 793 854 644 722 970 717 757 845 950 481 610 
Level 5 : 250 313 796 499 900 799 898 450 562 719 537 377 830 567 601 593 765 504 979 820 908 
Level 6 : 251 687 321 732 937 550 595 
Level 7 : 721 
Find-Min returned 5
Printing Binomial Heap...
Binomial Tree, B3
Level 0 : 49
Level 1: 111 630 515 
Level 2 : 909 235 634 
Level 3 : 975 
Binomial Tree, B5
Level 0 : 5
Level 1: 10 68 84 136 343 
Level 2 : 107 148 294 893 88 147 110 847 418 984 
Level 3 : 322 252 841 789 316 346 90 734 199 947 
Level 4 : 460 715 904 836 916 
Level 5 : 755 
Binomial Tree, B7
Level 0 : 105
Level 1: 126 121 143 107 338 106 532 
Level 2 : 153 167 194 280 725 617 150 152 139 667 180 224 231 158 832 408 573 343 701 956 936 
Level 3 : 165 209 365 400 415 216 405 758 825 342 780 949 514 336 893 169 292 848 150 524 579 326 617 774 963 382 519 468 393 761 715 442 809 834 964 
Level 4 : 237 272 455 183 233 264 866 490 864 579 221 401 883 542 439 785 487 390 894 874 448 218 295 487 793 854 644 722 970 717 757 845 950 481 610 
Level 5 : 250 313 796 499 900 799 898 450 562 719 537 377 830 567 601 593 765 504 979 820 908 
Level 6 : 251 687 321 732 937 550 595 
Level 7 : 721 
Extract-Min returned 5
Printing Binomial Heap...
Binomial Tree, B3
Level 0 : 84
Level 1: 136 847 418 
Level 2 : 343 984 947 
Level 3 : 628 
Binomial Tree, B5
Level 0 : 10
Level 1: 49 107 148 294 893 
Level 2 : 68 111 630 515 322 252 841 789 316 346 
Level 3 : 88 147 110 909 235 634 460 715 904 836 
Level 4 : 90 734 199 975 755 
Level 5 : 916 
Binomial Tree, B7
Level 0 : 105
Level 1: 126 121 143 107 338 106 532 
Level 2 : 153 167 194 280 725 617 150 152 139 667 180 224 231 158 832 408 573 343 701 956 936 
Level 3 : 165 209 365 400 415 216 405 758 825 342 780 949 514 336 893 169 292 848 150 524 579 326 617 774 963 382 519 468 393 761 715 442 809 834 964 
Level 4 : 237 272 455 183 233 264 866 490 864 579 221 401 883 542 439 785 487 390 894 874 448 218 295 487 793 854 644 722 970 717 757 845 950 481 610 
Level 5 : 250 313 796 499 900 799 898 450 562 719 537 377 830 567 601 593 765 504 979 820 908 
Level 6 : 251 687 321 732 937 550 595 
Level 7 : 721 
Extract-Min returned 10
Printing Binomial Heap...
Binomial Tree, B1
Level 0 : 147
Level 1: 893 
Binomial Tree, B3
Level 0 : 148
Level 1: 294 789 316 
Level 2 : 340 346 836 
Level 3 : 632 
Binomial Tree, B4
Level 0 : 74
Level 1: 88 210 81 627 
Level 2 : 126 868 779 623 247 233 
Level 3 : 741 817 985 780 
Level 4 : 787 
Binomial Tree, B5
Level 0 : 49
Level 1: 84 68 111 630 515 
Level 2 : 107 136 847 418 88 147 110 909 235 634 
Level 3 : 322 252 841 343 984 947 90 734 199 975 
Level 4 : 460 715 904 628 916 
Level 5 : 755 
Binomial Tree, B7
Level 0 : 105
Level 1: 126 121 143 107 338 106 532 
Level 2 : 153 167 194 280 725 617 150 152 139 667 180 224 231 158 832 408 573 343 701 956 936 
Level 3 : 165 209 365 400 415 216 405 758 825 342 780 949 514 336 893 169 292 848 150 524 579 326 617 774 963 382 519 468 393 761 715 442 809 834 964 
Level 4 : 237 272 455 183 233 264 866 490 864 579 221 401 883 542 439 785 487 390 894 874 448 218 295 487 793 854 644 722 970 717 757 845 950 481 610 
Level 5 : 250 313 796 499 900 799 898 450 562 719 537 377 830 567 601 593 765 504 979 820 908 
Level 6 : 251 687 321 732 937 550 595 
Level 7 : 721 
Printing Binomial Heap...
Binomial Tree, B0
Level 0 : 500
Binomial Tree, B1
Level 0 : 147
Level 1: 893 
Binomial Tree, B3
Level 0 : 148
Level 1: 294 789 316 
Level 2 : 340 346 836 
Level 3 : 632 
Binomial Tree, B4
Level 0 : 74
Level 1: 88 210 81 627 
Level 2 : 126 868 779 623 247 233 
Level 3 : 741 817 985 780 
Level 4 : 787 
Binomial Tree, B5
Level 0 : 49
Level 1: 84 68 111 630 515 
Level 2 : 107 136 847 418 88 147 110 909 235 634 
Level 3 : 322 252 841 343 984 947 90 734 199 975 
Level 4 : 460 715 904 628 916 
Level 5 : 755 
Binomial Tree, B7
Level 0 : 105
Level 1: 126 121 143 107 338 106 532 
Level 2 : 153 167 194 280 725 617 150 152 139 667 180 224 231 158 832 408 573 343 701 956 936 
Level 3 : 165 209 365 400 415 216 405 758 825 342 780 949 514 336 893 169 292 848 150 524 579 326 617 774 963 382 519 468 393 761 715 442 809 834 964 
Level 4 : 237 272 455 183 233 264 866 490 864 579 221 401 883 542 439 785 487 390 894 874 448 218 295 487 793 854 644 722 970 717 757 845 950 481 610 
Level 5 : 250 313 796 499 900 799 898 450 562 719 537 377 830 567 601 593 765 504 979 820 908 
Level 6 : 251 687 321 732 937 550 595 
Level 7 : 721 
Extract-Min returned 49
Printing Binomial Heap...
Binomial Tree, B0
Level 0 : 16
Binomial Tree, B1
Level 0 : 500
Level 1: 515 
Binomial Tree, B3
Level 0 : 111
Level 1: 147 909 235 
Level 2 : 630 893 975 
Level 3 : 634 
Binomial Tree, B4
Level 0 : 68
Level 1: 148 88 147 110 
Level 2 : 294 789 316 90 734 199 
Level 3 : 340 346 836 916 
Level 4 : 632 
Binomial Tree, B5
Level 0 : 74
Level 1: 84 88 210 81 627 
Level 2 : 107 136 847 418 126 868 779 623 247 233 
Level 3 : 322 252 841 343 984 947 741 817 985 780 
Level 4 : 460 715 904 628 787 
Level 5 : 755 
Binomial Tree, B7
Level 0 : 105
Level 1: 126 121 143 107 338 106 532 
Level 2 : 153 167 194 280 725 617 150 152 139 667 180 224 231 158 832 408 573 343 701 956 936 
Level 3 : 165 209 365 400 415 216 405 758 825 342 780 949 514 336 893 169 292 848 150 524 579 326 617 774 963 382 519 468 393 761 715 442 809 834 964 
Level 4 : 237 272 455 183 233 264 866 490 864 579 221 401 883 542 439 785 487 390 894 874 448 218 295 487 793 854 644 722 970 717 757 845 950 481 610 
Level 5 : 250 313 796 499 900 799 898 450 562 719 537 377 830 567 601 593 765 504 979 820 908 
Level 6 : 251 687 321 732 937 550 595 
Level 7 : 721 
Find-Min returned 16
Extract-Min returned 16
Printing Binomial Heap...
Binomial Tree, B0
Level 0 : 933
Binomial Tree, B1
Level 0 : 500
Level 1: 515 
Binomial Tree, B3
Level 0 : 111
Level 1: 147 909 235 
Level 2 : 630 893 975 
Level 3 : 634 
Binomial Tree, B4
Level 0 : 68
Level 1: 148 88 147 110 
Level 2 : 294 789 316 90 734 199 
Level 3 : 340 346 836 916 
Level 4 : 632 
Binomial Tree, B5
Level 0 : 74
Level 1: 84 88 210 81 627 
Level 2 : 107 136 847 418 126 868 779 623 247 233 
Level 3 : 322 252 841 343 984 947 741 817 985 780 
Level 4 : 460 715 904 628 787 
Level 5 : 755 
Binomial Tree, B7
Level 0 : 105
Level 1: 126 121 143 107 338 106 532 
Level 2 : 153 167 194 280 725 617 150 152 139 667 180 224 231 158 832 408 573 343 701 956 936 
Level 3 : 165 209 365 400 415 216 405 758 825 342 780 949 514 336 893 169 292 848 150 524 579 326 617 774 963 382 519 468 393 761 715 442 809 834 964 
Level 4 : 237 272 455 183 233 264 866 490 864 579 221 401 883 542 439 785 487 390 894 874 448 218 295 487 793 854 644 722 970 717 757 845 950 481 610 
Level 5 : 250 313 796 499 900 799 898 450 562 719 537 377 830 567 601 593 765 504 979 820 908 
Level 6 : 251 687 321 732 937 550 595 
Level 7 : 721 
Printing Binomial Heap...
Binomial Tree, B2
Level 0 : 500
Level 1: 933 515 
Level 2 : 942 
Binomial Tree, B3
Level 0 : 111
Level 1: 147 909 235 
Level 2 : 630 893 975 
Level 3 : 634 
Binomial Tree, B4
Level 0 : 68
Level 1: 148 88 147 110 
Level 2 : 294 789 316 90 734 199 
Level 3 : 340 346 836 916 
Level 4 : 632 
Binomial Tree, B5
Level 0 : 74
Level 1: 84 88 210 81 627 
Level 2 : 107 136 847 418 126 868 779 623 247 233 
Level 3 : 322 252 841 343 984 947 741 817 985 780 
Level 4 : 460 715 904 628 787 
Level 5 : 755 
Binomial Tree, B7
Level 0 : 105
Level 1: 126 121 143 107 338 106 532 
Level 2 : 153 167 194 280 725 617 150 152 139 667 180 224 231 158 832 408 573 343 701 956 936 
Level 3 : 165 209 365 400 415 216 405 758 825 342 780 949 514 336 893 169 292 848 150 524 579 326 617 774 963 382 519 468 393 761 715 442 809 834 964 
Level 4 : 237 272 455 183 233 264 866 490 864 579 221 401 883 542 439 785 487 390 894 874 448 218 295 487 793 854 644 722 970 717 757 845 950 481 610 
Level 5 : 250 313 796 499 900 799 898 450 562 719 537 377 830 567 601 593 765 504 979 820 908 
Level 6 : 251 687 321 732 937 550 595 
Level 7 : 721 
Printing Binomial Heap...
Binomial Tree, B1
Level 0 : 599
Level 1: 737 
Binomial Tree, B6
Level 0 : 68
Level 1: 74 111 148 88 147 110 
Level 2 : 84 88 210 81 627 264 147 909 235 294 789 316 90 734 199 
Level 3 : 107 136 847 418 126 868 779 623 247 233 500 315 317 630 893 975 340 346 836 916 
Level 4 : 322 252 841 343 984 947 741 817 985 780 933 515 861 634 632 
Level 5 : 460 715 904 628 787 942 
Level 6 : 755 
Binomial Tree, B7
Level 0 : 105
Level 1: 126 121 143 107 338 106 532 
Level 2 : 153 167 194 280 725 617 150 152 139 667 180 224 231 158 832 408 573 343 701 956 936 
Level 3 : 165 209 365 400 415 216 405 758 825 342 780 949 514 336 893 169 292 848 150 524 579 326 617 774 963 382 519 468 393 761 715 442 809 834 964 
Level 4 : 237 272 455 183 233 264 866 490 864 579 221 401 883 542 439 785 487 390 894 874 448 218 295 487 793 854 644 722 970 717 757 845 950 481 610 
Level 5 : 250 313 796 499 900 799 898 450 562 719 537 377 830 567 601 593 765 504 979 820 908 
Level 6 : 251 687 321 732 937 550 595 
Level 7 : 721 
Printing Binomial Heap...
Binomial Tree, B0
Level 0 : 633
Binomial Tree, B1
Level 0 : 599
Level 1: 737 
Binomial Tree, B6
Level 0 : 68
Level 1: 74 111 148 88 147 110 
Level 2 : 84 88 210 81 627 264 147 909 235 294 789 316 90 734 199 
Level 3 : 107 136 847 418 126 868 779 623 247 233 500 315 317 630 893 975 340 346 836 916 
Level 4 : 322 252 841 343 984 947 741 817 985 780 933 515 861 634 632 
Level 5 : 460 715 904 628 787 942 
Level 6 : 755 
Binomial Tree, B7
Level 0 : 105
Level 1: 126 121 143 107 338 106 532 
Level 2 : 153 167 194 280 725 617 150 152 139 667 180 224 231 158 832 408 573 343 701 956 936 
Level 3 : 165 209 365 400 415 216 405 758 825 342 780 949 514 336 893 169 292 848 150 524 579 326 617 774 963 382 519 468 393 761 715 442 809 834 964 
Level 4 : 237 272 455 183 233 264 866 490 864 579 221 401 883 542 439 785 487 390 894 874 448 218 295 487 793 854 644 722 970 717 757 845 950 481 610 
Level 5 : 250 313 796 499 900 799 898 450 562 719 537 377 830 567 601 593 765 504 979 820 908 
Level 6 : 251 687 321 732 937 550 595 
Level 7 : 721 
Find-Min returned 68
Printing Binomial Heap...
Binomial Tree, B4
Level 0 : 216
Level 1: 225 599 491 563 
Level 2 : 638 449 982 633 737 619 
Level 3 : 658 738 740 771 
Level 4 : 978 
Binomial Tree, B5
Level 0 : 13
Level 1: 43 241 337 114 290 
Level 2 : 182 331 179 653 253 385 652 420 944 416 
Level 3 : 259 343 315 362 810 351 812 525 484 976 
Level 4 : 507 288 608 859 922 
Level 5 : 889 
Binomial Tree, B6
Level 0 : 68
Level 1: 74 111 148 88 147 110 
Level 2 : 84 88 210 81 627 264 147 909 235 294 789 316 90 734 199 
Level 3 : 107 136 847 418 126 868 779 623 247 233 500 315 317 630 893 975 340 346 836 916 
Level 4 : 322 252 841 343 984 947 741 817 985 780 933 515 861 634 632 
Level 5 : 460 715 904 628 787 942 
Level 6 : 755 
Binomial Tree, B7
Level 0 : 105
Level 1: 126 121 143 107 338 106 532 
Level 2 : 153 167 194 280 725 617 150 152 139 667 180 224 231 158 832 408 573 343 701 956 936 
Level 3 : 165 209 365 400 415 216 405 758 825 342 780 949 514 336 893 169 292 848 150 524 579 326 617 774 963 382 519 468 393 761 715 442 809 834 964 
Level 4 : 237 272 455 183 233 264 866 490 864 579 221 401 883 542 439 785 487 390 894 874 448 218 295 487 793 854 644 722 970 717 757 845 950 481 610 
Level 5 : 250 313 796 499 900 799 898 450 562 719 537 377 830 567 601 593 765 504 979 820 908 
Level 6 : 251 687 321 732 937 550 595 
Level 7 : 721 
Find-Min returned 13
Find-Min returned 13
Printing Binomial Heap...
Binomial Tree, B0
Level 0 : 303
Binomial Tree, B4
Level 0 : 216
Level 1: 225 599 491 563 
Level 2 : 638 449 982 633 737 619 
Level 3 : 658 738 740 771 
Level 4 : 978 
Binomial Tree, B5
Level 0 : 13
Level 1: 43 241 337 114 290 
Level 2 : 182 331 179 653 253 385 652 420 944 416 
Level 3 : 259 343 315 362 810 351 812 525 484 976 
Level 4 : 507 288 608 859 922 
Level 5 : 889 
Binomial Tree, B6
Level 0 : 68
Level 1: 74 111 148 88 147 110 
Level 2 : 84 88 210 81 627 264 147 909 235 294 789 316 90 734 199 
Level 3 : 107 136 847 418 126 868 779 623 247 233 500 315 317 630 893 975 340 346 836 916 
Level 4 : 322 252 841 343 984 947 741 817 985 780 933 515 861 634 632 
Level 5 : 460 715 904 628 787 942 
Level 6 : 755 
Binomial Tree, B7
Level 0 : 105
Level 1: 126 121 143 107 338 106 532 
Level 2 : 153 167 194 280 725 617 150 152 139 667 180 224 231 158 832 408 573 343 701 956 936 
Level 3 : 165 209 365 400 415 216 405 758 825 342 780 949 514 336 893 169 292 848 150 524 579 326 617 774 963 382 519 468 393 761 715 442 809 834 964 
Level 4 : 237 272 455 183 233 264 866 490 864 579 221 401 883 542 439 785 487 390 894 874 448 218 295 487 793 854 644 722 970 717 757 845 950 481 610 
Level 5 : 250 313 796 499 900 799 898 450 562 719 537 377 830 567 601 593 765 504 979 820 908 
Level 6 : 251 687 321 732 937 550 595 
Level 7 : 721 
Find-Min returned 13
Printing Binomial Heap...
Binomial Tree, B0
Level 0 : 303
Binomial Tree, B1
Level 0 : 142
Level 1: 343 
Binomial Tree, B3
Level 0 : 5
Level 1: 739 386 168 
Level 2 : 841 983 565 
Level 3 : 906 
Binomial Tree, B4
Level 0 : 216
Level 1: 225 599 491 563 
Level 2 : 638 449 982 633 737 619 
Level 3 : 658 738 740 771 
Level 4 : 978 
Binomial Tree, B5
Level 0 : 13
Level 1: 43 241 337 114 290 
Level 2 : 182 331 179 653 253 385 652 420 944 416 
Level 3 : 259 343 315 362 810 351 812 525 484 976 
Level 4 : 507 288 608 859 922 
Level 5 : 889 
Binomial Tree, B6
Level 0 : 68
Level 1: 74 111 148 88 147 110 
Level 2 : 84 88 210 81 627 264 147 909 235 294 789 316 90 734 199 
Level 3 : 107 136 847 418 126 868 779 623 247 233 500 315 317 630 893 975 340 346 836 916 
Level 4 : 322 252 841 343 984 947 741 817 985 780 933 515 861 634 632 
Level 5 : 460 715 904 628 787 942 
Level 6 : 755 
Binomial Tree, B7
Level 0 : 105
Level 1: 126 121 143 107 338 106 532 
Level 2 : 153 167 194 280 725 617 150 152 139 667 180 224 231 158 832 408 573 343 701 956 936 
Level 3 : 165 209 365 400 415 216 405 758 825 342 780 949 514 336 893 169 292 848 150 524 579 326 617 774 963 382 519 468 393 761 715 442 809 834 964 
Level 4 : 237 272 455 183 233 264 866 490 864 579 221 401 883 542 439 785 487 390 894 874 448 218 295 487 793 854 644 722 970 717 757 845 950 481 610 
Level 5 : 250 313 796 499 900 799 898 450 562 719 537 377 830 567 601 593 765 504 979 820 908 
Level 6 : 251 687 321 732 937 550 595 
Level 7 : 721 
Printing Binomial Heap...
Binomial Tree, B0
Level 0 : 303
Binomial Tree, B1
Level 0 : 142
Level 1: 343 
Binomial Tree, B2
Level 0 : 387
Level 1: 614 538 
Level 2 : 682 
Binomial Tree, B4
Level 0 : 5
Level 1: 144 739 386 168 
Level 2 : 486 425 707 841 983 565 
Level 3 : 723 545 569 906 
Level 4 : 768 
Binomial Tree, B8
Level 0 : 13
Level 1: 105 68 110 43 241 337 114 290 
Level 2 : 126 121 143 107 338 106 532 74 111 148 88 147 110 216 159 523 295 552 182 331 179 653 253 385 652 420 944 416 
Level 3 : 153 167 194 280 725 617 150 152 139 667 180 224 231 158 832 408 573 343 701 956 936 84 88 210 81 627 264 147 909 235 294 789 316 90 734 199 225 599 491 563 228 603 641 652 866 404 259 343 315 362 810 351 812 525 484 976 
Level 4 : 165 209 365 400 415 216 405 758 825 342 780 949 514 336 893 169 292 848 150 524 579 326 617 774 963 382 519 468 393 761 715 442 809 834 964 107 136 847 418 126 868 779 623 247 233 500 315 317 630 893 975 340 346 836 916 638 449 982 633 737 619 627 694 715 713 507 288 608 859 922 
Level 5 : 237 272 455 183 233 264 866 490 864 579 221 401 883 542 439 785 487 390 894 874 448 218 295 487 793 854 644 722 970 717 757 845 950 481 610 322 252 841 343 984 947 741 817 985 780 933 515 861 634 632 658 738 740 771 705 889 
Level 6 : 250 313 796 499 900 799 898 450 562 719 537 377 830 567 601 593 765 504 979 820 908 460 715 904 628 787 942 978 
Level 7 : 251 687 321 732 937 550 595 755 
Level 8 : 721 
Printing Binomial Heap...
Binomial Tree, B1
Level 0 : 303
Level 1: 819 
Binomial Tree, B6
Level 0 : 5
Level 1: 6 11 144 739 386 168 
Level 2 : 113 106 70 220 985 337 387 142 493 486 425 707 841 983 565 
Level 3 : 295 209 292 717 455 527 398 174 729 272 452 497 771 614 538 343 723 545 569 906 
Level 4 : 356 359 516 523 598 833 519 524 549 541 633 819 621 682 768 
Level 5 : 413 522 811 539 570 964 
Level 6 : 661 
Binomial Tree, B8
Level 0 : 13
Level 1: 105 68 110 43 241 337 114 290 
Level 2 : 126 121 143 107 338 106 532 74 111 148 88 147 110 216 159 523 295 552 182 331 179 653 253 385 652 420 944 416 
Level 3 : 153 167 194 280 725 617 150 152 139 667 180 224 231 158 832 408 573 343 701 956 936 84 88 210 81 627 264 147 909 235 294 789 316 90 734 199 225 599 491 563 228 603 641 652 866 404 259 343 315 362 810 351 812 525 484 976 
Level 4 : 165 209 365 400 415 216 405 758 825 342 780 949 514 336 893 169 292 848 150 524 579 326 617 774 963 382 519 468 393 761 715 442 809 834 964 107 136 847 418 126 868 779 623 247 233 500 315 317 630 893 975 340 346 836 916 638 449 982 633 737 619 627 694 715 713 507 288 608 859 922 
Level 5 : 237 272 455 183 233 264 866 490 864 579 221 401 883 542 439 785 487 390 894 874 448 218 295 487 793 854 644 722 970 717 757 845 950 481 610 322 252 841 343 984 947 741 817 985 780 933 515 861 634 632 658 738 740 771 705 889 
Level 6 : 250 313 796 499 900 799 898 450 562 719 537 377 830 567 601 593 765 504 979 820 908 460 715 904 628 787 942 978 
Level 7 : 251 687 321 732 937 550 595 755 
Level 8 : 721 
Extract-Min returned 5
Printing Binomial Heap...
Binomial Tree, B1
Level 0 : 168
Level 1: 516 
Binomial Tree, B6
Level 0 : 6
Level 1: 11 113 106 70 220 985 
Level 2 : 144 337 387 142 493 295 209 292 717 455 527 398 174 729 272 
Level 3 : 303 486 425 707 452 497 771 614 538 343 356 359 516 523 598 833 519 524 549 541 
Level 4 : 739 386 819 723 545 569 633 819 621 682 413 522 811 539 570 
Level 5 : 841 983 565 768 964 661 
Level 6 : 906 
Binomial Tree, B8
Level 0 : 13
Level 1: 105 68 110 43 241 337 114 290 
Level 2 : 126 121 143 107 338 106 532 74 111 148 88 147 110 216 159 523 295 552 182 331 179 653 253 385 652 420 944 416 
Level 3 : 153 167 194 280 725 617 150 152 139 667 180 224 231 158 832 408 573 343 701 956 936 84 88 210 81 627 264 147 909 235 294 789 316 90 734 199 225 599 491 563 228 603 641 652 866 404 259 343 315 362 810 351 812 525 484 976 
Level 4 : 165 209 365 400 415 216 405 758 825 342 780 949 514 336 893 169 292 848 150 524 579 326 617 774 963 382 519 468 393 761 715 442 809 834 964 107 136 847 418 126 868 779 623 247 233 500 315 317 630 893 975 340 346 836 916 638 449 982 633 737 619 627 694 715 713 507 288 608 859 922 
Level 5 : 237 272 455 183 233 264 866 490 864 579 221 401 883 542 439 785 487 390 894 874 448 218 295 487 793 854 644 722 970 717 757 845 950 481 610 322 252 841 343 984 947 741 817 985 780 933 515 861 634 632 658 738 740 771 705 889 
Level 6 : 250 313 796 499 900 799 898 450 562 719 537 377 830 567 601 593 765 504 979 820 908 460 715 904 628 787 942 978 
Level 7 : 251 687 321 732 937 550 595 755 
Level 8 : 721 
Printing Binomial Heap...
Binomial Tree, B1
Level 0 : 168
Level 1: 516 
Binomial Tree, B4
Level 0 : 65
Level 1: 243 146 74 200 
Level 2 : 348 739 377 674 781 942 
Level 3 : 520 454 792 683 
Level 4 : 966 
Binomial Tree, B6
Level 0 : 6
Level 1: 11 113 106 70 220 985 
Level 2 : 144 337 387 142 493 295 209 292 717 455 527 398 174 729 272 
Level 3 : 303 486 425 707 452 497 771 614 538 343 356 359 516 523 598 833 519 524 549 541 
Level 4 : 739 386 819 723 545 569 633 819 621 682 413 522 811 539 570 
Level 5 : 841 983 565 768 964 661 
Level 6 : 906 
Binomial Tree, B8
Level 0 : 13
Level 1: 105 68 110 43 241 337 114 290 
Level 2 : 126 121 143 107 338 106 532 74 111 148 88 147 110 216 159 523 295 552 182 331 179 653 253 385 652 420 944 416 
Level 3 : 153 167 194 280 725 617 150 152 139 667 180 224 231 158 832 408 573 343 701 956 936 84 88 210 81 627 264 147 909 235 294 789 316 90 734 199 225 599 491 563 228 603 641 652 866 404 259 343 315 362 810 351 812 525 484 976 
Level 4 : 165 209 365 400 415 216 405 758 825 342 780 949 514 336 893 169 292 848 150 524 579 326 617 774 963 382 519 468 393 761 715 442 809 834 964 107 136 847 418 126 868 779 623 247 233 500 315 317 630 893 975 340 346 836 916 638 449 982 633 737 619 627 694 715 713 507 288 608 859 922 
Level 5 : 237 272 455 183 233 264 866 490 864 579 221 401 883 542 439 785 487 390 894 874 448 218 295 487 793 854 644 722 970 717 757 845 950 481 610 322 252 841 343 984 947 741 817 985 780 933 515 861 634 632 658 738 740 771 705 889 
Level 6 : 250 313 796 499 900 799 898 450 562 719 537 377 830 567 601 593 765 504 979 820 908 460 715 904 628 787 942 978 
Level 7 : 251 687 321 732 937 550 595 755 
Level 8 : 721 
